1;DELIVERED;4;2023-03-02T20:54:15.962988600;2;1;2;1
2;DELIVERING;-1;2023-02-28T20:58:17.505694900;2;1;2;1
3;DELIVERED;5;2023-03-02T14:20:43.502338700;2;1;2;2
4;DELIVERED;5;2023-03-02T14:20:43.517620700;2;1;2;3
5;DELIVERED;5;2023-03-01T23:35:41.815145;2;2;2;3
6;DELIVERED;3;2023-03-01T18:50:19.755435;1;1;1;4
7;DELIVERED;4;2023-03-01T18:51:24.322212900;1;1;1;4
8;PACKED;-1;2023-02-28T21:17:47.001077;2;1;2;5
9;PACKED;-1;2023-03-02T13:46:47.292493100;2;1;2;6
10;PACKING;-1;2023-03-02T13:46:47.300149600;2;-1;2;6
11;PACKING;-1;2023-03-02T14:03:09.194639200;1;-1;1;7
12;PACKED;-1;2023-03-02T14:23:15.342512300;2;1;2;8
13;PACKED;-1;2023-03-02T21:03:21.020879300;2;2;2;9
14;PACKING;-1;2023-03-03T22:27:26.144331400;2;-1;2;10
15;PACKING;-1;2023-03-03T22:27:26.149318300;2;-1;2;10
